Date,Open,High,Low,Close,Volume,Adj Close
2013-06-04,3.76,3.82,3.74,3.82,24705000,3.82
2013-06-03,3.73,3.81,3.72,3.75,24211000,3.75
2013-05-31,3.83,3.83,3.70,3.75,74530000,3.75
2013-05-30,3.86,3.87,3.75,3.78,29806000,3.78
2013-05-29,3.96,3.97,3.82,3.84,33786000,3.84
2013-05-28,3.94,3.98,3.94,3.96,13349000,3.96
2013-05-27,3.92,3.99,3.89,3.94,19125000,3.94
2013-05-24,3.96,3.96,3.96,3.96,000,3.96
2013-05-23,4.01,4.03,3.94,3.96,25942000,3.96
2013-05-22,4.01,4.05,4.01,4.05,19253000,4.05
2013-05-21,4.05,4.06,3.95,3.98,22691000,3.98
2013-05-20,4.05,4.09,4.04,4.07,21254000,4.07
2013-05-17,3.98,4.02,3.97,4.02,10221000,4.02
2013-05-16,3.99,4.00,3.93,4.00,34115000,4.00
2013-05-15,4.00,4.05,3.98,3.99,25592000,3.99
2013-05-14,3.93,3.99,3.90,3.99,15616000,3.99
2013-05-13,3.92,3.96,3.90,3.92,13574000,3.92
2013-05-10,3.91,3.92,3.88,3.91,13334000,3.91
2013-05-09,3.85,3.94,3.84,3.92,14352000,3.92
2013-05-08,3.83,3.86,3.81,3.84,20680000,3.84
2013-05-07,3.85,3.85,3.82,3.82,10423000,3.82
2013-05-06,3.81,3.87,3.77,3.85,22842000,3.85
2013-05-03,3.93,3.93,3.80,3.81,44386000,3.81
2013-05-02,3.92,3.96,3.91,3.93,35450000,3.93
2013-05-01,3.93,3.93,3.93,3.93,000,3.93
2013-04-30,3.91,3.94,3.88,3.93,42259000,3.93
2013-04-29,3.75,3.84,3.73,3.84,13976000,3.84
2013-04-26,3.77,3.78,3.72,3.76,18852000,3.76
2013-04-25,3.74,3.78,3.70,3.78,20422000,3.78
2013-04-24,3.70,3.75,3.66,3.75,16153000,3.75
2013-04-23,3.70,3.71,3.66,3.69,20568000,3.69
2013-04-22,3.68,3.72,3.67,3.69,14932000,3.69
2013-04-19,3.73,3.78,3.69,3.69,21254000,3.69
2013-04-18,3.65,3.74,3.64,3.74,29525000,3.74
2013-04-17,3.64,3.65,3.62,3.64,31525000,3.64
2013-04-16,3.58,3.66,3.57,3.62,30946000,3.62
2013-04-15,3.57,3.58,3.54,3.57,18587000,3.57
2013-04-12,3.60,3.62,3.55,3.56,15761000,3.56
2013-04-11,3.65,3.65,3.58,3.60,17016000,3.60
2013-04-10,3.66,3.67,3.58,3.64,17908000,3.64
2013-04-09,3.63,3.70,3.63,3.66,19418000,3.66
2013-04-08,3.60,3.64,3.59,3.61,10911000,3.61
2013-04-05,3.63,3.64,3.60,3.61,18877000,3.61
2013-04-04,3.58,3.65,3.57,3.64,20483000,3.64
2013-04-03,3.56,3.59,3.54,3.57,23220000,3.57
2013-04-02,3.58,3.59,3.53,3.54,16136000,3.54
2013-04-01,3.60,3.60,3.58,3.59,5955000,3.59
2013-03-29,3.59,3.59,3.59,3.59,000,3.59
2013-03-28,3.60,3.60,3.57,3.59,18855000,3.59
2013-03-27,3.60,3.60,3.58,3.59,13248000,3.59
2013-03-26,3.60,3.61,3.58,3.61,13568000,3.61
2013-03-25,3.57,3.61,3.57,3.59,20059000,3.59
2013-03-22,3.59,3.60,3.54,3.55,16354000,3.55
2013-03-21,3.52,3.60,3.52,3.60,31984000,3.60
2013-03-20,3.54,3.55,3.48,3.48,19541000,3.48
2013-03-19,3.60,3.61,3.56,3.56,9325000,3.56
2013-03-18,3.54,3.59,3.54,3.57,12201000,3.57
2013-03-15,3.64,3.64,3.58,3.58,21228000,3.58
2013-03-14,3.59,3.62,3.57,3.62,31245000,3.62
2013-03-13,3.55,3.58,3.55,3.58,21253000,3.58
2013-03-12,3.51,3.55,3.51,3.55,20963000,3.55
2013-03-11,3.44,3.49,3.42,3.49,21243000,3.49
2013-03-08,3.49,3.50,3.43,3.45,21502000,3.45
2013-03-07,3.45,3.49,3.44,3.49,21337000,3.49
2013-03-06,3.48,3.48,3.44,3.46,17914000,3.46
2013-03-05,3.45,3.48,3.44,3.46,16219000,3.46
2013-03-04,3.43,3.45,3.41,3.44,20738000,3.44
2013-03-01,3.43,3.45,3.41,3.44,19505000,3.44
2013-02-28,3.48,3.49,3.40,3.44,45395000,3.44
2013-02-27,3.47,3.50,3.43,3.47,22274000,3.47
2013-02-26,3.48,3.48,3.44,3.46,17771000,3.46
2013-02-25,3.52,3.53,3.47,3.49,14825000,3.49
2013-02-22,3.52,3.53,3.47,3.53,16796000,3.53
2013-02-21,3.57,3.58,3.52,3.53,11470000,3.53
2013-02-20,3.58,3.61,3.55,3.59,16249000,3.59
2013-02-19,3.55,3.58,3.54,3.56,17822000,3.56
2013-02-18,3.48,3.52,3.47,3.51,8634000,3.51
2013-02-15,3.48,3.50,3.45,3.48,39530000,3.48
2013-02-14,3.56,3.56,3.50,3.50,29568000,3.50
2013-02-13,3.57,3.62,3.56,3.60,26642000,3.60
2013-02-12,3.57,3.57,3.57,3.57,000,3.57
2013-02-11,3.57,3.57,3.57,3.57,000,3.57
2013-02-08,3.55,3.59,3.55,3.57,25496000,3.57
2013-02-07,3.51,3.57,3.49,3.54,30680000,3.54
2013-02-06,3.48,3.51,3.47,3.51,16139000,3.51
2013-02-05,3.46,3.49,3.45,3.48,14595000,3.48
2013-02-04,3.49,3.54,3.46,3.47,26848000,3.47
2013-02-01,3.50,3.50,3.47,3.50,19348000,3.50
2013-01-31,3.49,3.50,3.48,3.50,22102000,3.50
2013-01-30,3.47,3.50,3.46,3.49,18538000,3.49
2013-01-29,3.46,3.49,3.46,3.47,16060000,3.47
2013-01-28,3.48,3.49,3.44,3.45,14292000,3.45
2013-01-25,3.46,3.46,3.43,3.45,17453000,3.45
2013-01-24,3.41,3.47,3.39,3.47,30802000,3.47
2013-01-23,3.47,3.48,3.42,3.43,26385000,3.43
2013-01-22,3.50,3.50,3.47,3.47,21203000,3.47
2013-01-21,3.49,3.50,3.48,3.50,13182000,3.50
2013-01-18,3.47,3.50,3.47,3.49,26293000,3.49
2013-01-17,3.47,3.49,3.45,3.47,18352000,3.47
2013-01-16,3.44,3.50,3.43,3.48,37323000,3.48
2013-01-15,3.43,3.44,3.38,3.40,17971000,3.40
2013-01-14,3.39,3.44,3.38,3.44,22137000,3.44
2013-01-11,3.38,3.39,3.36,3.39,36628000,3.39
2013-01-10,3.31,3.38,3.30,3.37,43301000,3.37
2013-01-09,3.28,3.33,3.27,3.31,27143000,3.31
2013-01-08,3.32,3.32,3.27,3.28,32953000,3.28
2013-01-07,3.35,3.36,3.32,3.32,16895000,3.32
2013-01-04,3.36,3.36,3.34,3.36,13675000,3.36
2013-01-03,3.34,3.35,3.33,3.35,13666000,3.35
2013-01-02,3.32,3.34,3.32,3.33,15587000,3.33
2013-01-01,3.30,3.30,3.30,3.30,000,3.30
2012-12-31,3.30,3.32,3.29,3.30,18787000,3.30
2012-12-28,3.31,3.33,3.31,3.33,11723000,3.33
2012-12-27,3.32,3.33,3.30,3.30,11251000,3.30
2012-12-26,3.32,3.33,3.30,3.32,9226000,3.32
2012-12-25,3.32,3.32,3.32,3.32,000,3.32
2012-12-24,3.33,3.33,3.30,3.32,8007000,3.32
2012-12-21,3.38,3.40,3.35,3.40,17144000,3.33
2012-12-20,3.34,3.40,3.33,3.37,19471000,3.30
2012-12-19,3.37,3.38,3.33,3.35,23290000,3.28
2012-12-18,3.39,3.42,3.37,3.37,15608000,3.30
2012-12-17,3.40,3.41,3.37,3.39,11198000,3.32
2012-12-14,3.37,3.40,3.37,3.39,15483000,3.32
2012-12-13,3.37,3.39,3.36,3.38,20145000,3.31
2012-12-12,3.40,3.41,3.34,3.38,44353000,3.31
2012-12-11,3.38,3.40,3.37,3.38,18914000,3.31
2012-12-10,3.38,3.39,3.36,3.36,18362000,3.29
2012-12-07,3.31,3.38,3.31,3.35,40215000,3.28
2012-12-06,3.30,3.31,3.28,3.30,24263000,3.23
2012-12-05,3.30,3.32,3.29,3.30,28836000,3.23
2012-12-04,3.29,3.31,3.27,3.31,22116000,3.24
2012-12-03,3.33,3.33,3.29,3.29,26290000,3.22
2012-11-30,3.30,3.32,3.29,3.31,42211000,3.24
2012-11-29,3.26,3.29,3.26,3.28,32825000,3.21
2012-11-28,3.16,3.26,3.16,3.25,57833000,3.19
2012-11-27,3.17,3.17,3.15,3.17,17757000,3.11
2012-11-26,3.14,3.16,3.13,3.16,15553000,3.10
2012-11-23,3.13,3.14,3.12,3.14,17265000,3.08
2012-11-22,3.15,3.16,3.11,3.13,30906000,3.07
2012-11-21,3.15,3.16,3.13,3.14,12164000,3.08
2012-11-20,3.16,3.18,3.13,3.15,16506000,3.09
2012-11-19,3.14,3.16,3.12,3.15,20068000,3.09
2012-11-16,3.12,3.14,3.10,3.13,28745000,3.07
2012-11-15,3.15,3.15,3.12,3.12,30468000,3.06
2012-11-14,3.16,3.18,3.15,3.16,32958000,3.10
2012-11-13,3.19,3.19,3.19,3.19,000,3.13
2012-11-12,3.16,3.19,3.16,3.19,12998000,3.13
2012-11-09,3.16,3.18,3.16,3.17,12740000,3.11
2012-11-08,3.18,3.21,3.16,3.18,24483000,3.12
2012-11-07,3.22,3.22,3.21,3.21,10409000,3.15
2012-11-06,3.19,3.21,3.19,3.21,15286000,3.15
2012-11-05,3.19,3.20,3.18,3.18,12167000,3.12
2012-11-02,3.21,3.22,3.19,3.20,18799000,3.14
2012-11-01,3.22,3.23,3.20,3.21,20494000,3.15
2012-10-31,3.23,3.24,3.22,3.22,28409000,3.16
2012-10-30,3.21,3.23,3.20,3.23,22333000,3.17
2012-10-29,3.20,3.21,3.19,3.19,26496000,3.13
2012-10-26,3.20,3.20,3.20,3.20,000,3.14
2012-10-25,3.20,3.21,3.19,3.20,11968000,3.14
2012-10-24,3.17,3.20,3.16,3.19,19236000,3.13
2012-10-23,3.19,3.19,3.17,3.17,11805000,3.11
2012-10-22,3.18,3.19,3.17,3.18,13458000,3.12
2012-10-19,3.21,3.22,3.18,3.19,21833000,3.13
2012-10-18,3.21,3.23,3.20,3.21,18093000,3.15
2012-10-17,3.21,3.22,3.19,3.19,24367000,3.13
2012-10-16,3.19,3.20,3.18,3.19,24223000,3.13
2012-10-15,3.14,3.18,3.14,3.17,13351000,3.11
2012-10-12,3.14,3.16,3.13,3.15,26497000,3.09
2012-10-11,3.17,3.17,3.14,3.14,49867000,3.08
2012-10-10,3.19,3.19,3.17,3.18,21359000,3.12
2012-10-09,3.20,3.21,3.19,3.19,28729000,3.13
2012-10-08,3.21,3.21,3.19,3.19,23094000,3.13
2012-10-05,3.21,3.22,3.20,3.21,40828000,3.15
2012-10-04,3.21,3.22,3.20,3.21,22858000,3.15
2012-10-03,3.22,3.22,3.20,3.21,12213000,3.15
2012-10-02,3.22,3.23,3.20,3.21,31330000,3.15
2012-10-01,3.20,3.21,3.19,3.21,13353000,3.15
2012-09-28,3.21,3.22,3.20,3.20,39362000,3.14
2012-09-27,3.20,3.22,3.19,3.20,54191000,3.14
2012-09-26,3.16,3.22,3.16,3.20,532821000,3.14
2012-09-25,3.34,3.36,3.33,3.33,12877000,3.26
2012-09-24,3.33,3.34,3.31,3.32,13365000,3.25
2012-09-21,3.33,3.36,3.31,3.33,15476000,3.26
2012-09-20,3.33,3.36,3.31,3.31,11314000,3.24
2012-09-19,3.32,3.35,3.31,3.34,13178000,3.27
2012-09-18,3.32,3.34,3.29,3.32,13969000,3.25
2012-09-17,3.33,3.35,3.31,3.34,9869000,3.27
2012-09-14,3.35,3.36,3.30,3.33,21260000,3.26
2012-09-13,3.30,3.34,3.30,3.33,7902000,3.26
2012-09-12,3.34,3.35,3.31,3.33,8478000,3.26
2012-09-11,3.30,3.33,3.30,3.33,10041000,3.26
2012-09-10,3.30,3.32,3.28,3.29,10551000,3.22
2012-09-07,3.34,3.35,3.30,3.30,20198000,3.23
2012-09-06,3.36,3.37,3.33,3.33,12267000,3.26
2012-09-05,3.38,3.39,3.34,3.35,15214000,3.28
2012-09-04,3.37,3.39,3.36,3.38,12334000,3.31
2012-09-03,3.36,3.38,3.36,3.36,4282000,3.29
2012-08-31,3.33,3.40,3.33,3.39,39442000,3.32
2012-08-30,3.32,3.34,3.31,3.33,10473000,3.26
2012-08-29,3.35,3.36,3.34,3.34,7817000,3.27
2012-08-28,3.34,3.36,3.33,3.36,9359000,3.29
2012-08-27,3.33,3.35,3.32,3.35,8710000,3.28
2012-08-24,3.31,3.35,3.30,3.32,9463000,3.25
2012-08-23,3.32,3.37,3.31,3.33,12135000,3.26
2012-08-22,3.35,3.35,3.31,3.31,16607000,3.24
2012-08-21,3.29,3.39,3.28,3.35,25449000,3.28
2012-08-20,3.29,3.29,3.29,3.29,000,3.22
2012-08-17,3.29,3.31,3.28,3.29,17752000,3.22
2012-08-16,3.32,3.33,3.28,3.29,38761000,3.22
2012-08-15,3.38,3.38,3.31,3.34,30000000,3.27
2012-08-14,3.38,3.38,3.32,3.36,33390000,3.29
2012-08-13,3.36,3.43,3.35,3.39,20133000,3.32
2012-08-10,3.40,3.42,3.35,3.36,39199000,3.29
2012-08-09,3.43,3.43,3.43,3.43,000,3.36
2012-08-08,3.47,3.50,3.39,3.43,26054000,3.36
2012-08-07,3.45,3.48,3.44,3.47,13818000,3.40
2012-08-06,3.49,3.51,3.45,3.45,18156000,3.38
2012-08-03,3.52,3.55,3.52,3.54,17210000,3.38
2012-08-02,3.52,3.58,3.51,3.56,19719000,3.40
2012-08-01,3.58,3.61,3.52,3.54,25272000,3.38
2012-07-31,3.50,3.62,3.50,3.58,40349000,3.42
2012-07-30,3.48,3.56,3.48,3.55,28165000,3.39
2012-07-27,3.45,3.48,3.45,3.48,23832000,3.32
2012-07-26,3.42,3.46,3.42,3.44,27311000,3.29
2012-07-25,3.44,3.46,3.39,3.42,18448000,3.27
2012-07-24,3.45,3.49,3.45,3.46,17974000,3.30
2012-07-23,3.41,3.46,3.40,3.45,13220000,3.30
2012-07-20,3.48,3.48,3.42,3.44,22116000,3.29
2012-07-19,3.50,3.51,3.46,3.50,22438000,3.34
2012-07-18,3.44,3.48,3.42,3.48,11344000,3.32
2012-07-17,3.45,3.46,3.40,3.44,30234000,3.29
2012-07-16,3.48,3.49,3.46,3.47,17615000,3.31
2012-07-13,3.39,3.48,3.39,3.47,24812000,3.31
2012-07-12,3.41,3.43,3.36,3.37,19670000,3.22
2012-07-11,3.34,3.49,3.34,3.43,32230000,3.28
2012-07-10,3.32,3.39,3.32,3.37,12394000,3.22
2012-07-09,3.34,3.36,3.31,3.31,8790000,3.16
2012-07-06,3.37,3.37,3.32,3.36,11714000,3.21
2012-07-05,3.34,3.37,3.32,3.36,19469000,3.21
2012-07-04,3.32,3.35,3.31,3.34,23020000,3.19
2012-07-03,3.27,3.31,3.26,3.31,15849000,3.16
2012-07-02,3.29,3.30,3.23,3.27,14744000,3.12
2012-06-29,3.25,3.30,3.23,3.30,38476000,3.15
2012-06-28,3.24,3.26,3.22,3.24,27489000,3.09
2012-06-27,3.20,3.25,3.20,3.22,16643000,3.08
2012-06-26,3.19,3.21,3.18,3.19,16922000,3.05
2012-06-25,3.16,3.23,3.16,3.20,27326000,3.06
2012-06-22,3.14,3.17,3.13,3.16,8154000,3.02
2012-06-21,3.18,3.19,3.15,3.15,9947000,3.01
2012-06-20,3.19,3.20,3.15,3.18,12778000,3.04
2012-06-19,3.18,3.19,3.17,3.19,7988000,3.05
2012-06-18,3.20,3.20,3.16,3.18,9364000,3.04
2012-06-15,3.15,3.19,3.13,3.19,15628000,3.05
2012-06-14,3.14,3.15,3.12,3.14,10167000,3.00
2012-06-13,3.15,3.16,3.13,3.15,15584000,3.01
2012-06-12,3.13,3.17,3.12,3.16,19873000,3.02
2012-06-11,3.14,3.15,3.13,3.15,13665000,3.01
2012-06-08,3.11,3.14,3.10,3.12,17785000,2.98
2012-06-07,3.12,3.14,3.11,3.12,19494000,2.98
2012-06-06,3.10,3.13,3.09,3.11,16847000,2.97
2012-06-05,3.07,3.10,3.07,3.09,7883000,2.95
2012-06-04,3.05,3.09,3.05,3.05,18516000,2.91
2012-06-01,3.08,3.08,3.05,3.07,12315000,2.93
2012-05-31,3.03,3.10,3.02,3.10,37303000,2.96
2012-05-30,3.06,3.07,3.05,3.05,26031000,2.91
2012-05-29,3.07,3.09,3.06,3.08,15423000,2.94
2012-05-28,3.07,3.09,3.06,3.08,21958000,2.94
2012-05-25,3.10,3.11,3.06,3.08,24121000,2.94
2012-05-24,3.10,3.11,3.09,3.10,17561000,2.96
2012-05-23,3.11,3.13,3.10,3.10,21920000,2.96
2012-05-22,3.14,3.16,3.12,3.13,22634000,2.99
2012-05-21,3.13,3.14,3.11,3.12,20963000,2.98
2012-05-18,3.10,3.15,3.10,3.13,26238000,2.99
2012-05-17,3.15,3.17,3.10,3.13,21366000,2.99
2012-05-16,3.17,3.18,3.11,3.13,40152000,2.99
2012-05-15,3.19,3.22,3.17,3.18,27540000,3.04
2012-05-14,3.25,3.25,3.17,3.17,18118000,3.03
2012-05-11,3.24,3.26,3.21,3.24,42724000,3.09
2012-05-10,3.20,3.22,3.18,3.21,33834000,3.07
2012-05-09,3.14,3.18,3.13,3.16,28150000,3.02
2012-05-08,3.13,3.14,3.11,3.14,16263000,3.00
2012-05-07,3.12,3.14,3.11,3.12,23589000,2.98
2012-05-04,3.12,3.14,3.12,3.12,7310000,2.98
2012-05-03,3.12,3.13,3.11,3.12,14669000,2.98
2012-05-02,3.12,3.14,3.11,3.13,22560000,2.99
2012-05-01,3.11,3.11,3.11,3.11,000,2.97
2012-04-30,3.09,3.12,3.09,3.12,23352000,2.98
2012-04-27,3.13,3.14,3.09,3.10,37525000,2.96
2012-04-26,3.16,3.16,3.13,3.14,10855000,3.00
2012-04-25,3.15,3.16,3.13,3.15,8466000,3.01
2012-04-24,3.12,3.15,3.12,3.14,16774000,3.00
2012-04-23,3.13,3.14,3.10,3.10,7228000,2.96
2012-04-20,3.14,3.15,3.12,3.14,10225000,3.00
2012-04-19,3.11,3.14,3.10,3.14,13821000,3.00
2012-04-18,3.12,3.14,3.11,3.12,12695000,2.98
2012-04-17,3.10,3.12,3.09,3.11,17224000,2.97
2012-04-16,3.10,3.11,3.08,3.11,8656000,2.97
2012-04-13,3.12,3.13,3.10,3.11,10060000,2.97
2012-04-12,3.10,3.12,3.09,3.11,9992000,2.97
2012-04-11,3.09,3.10,3.08,3.08,8853000,2.94
2012-04-10,3.11,3.11,3.09,3.10,7861000,2.96
2012-04-09,3.09,3.11,3.09,3.10,5666000,2.96
2012-04-06,3.10,3.10,3.10,3.10,000,2.96
2012-04-05,3.11,3.12,3.10,3.10,6639000,2.96
2012-04-04,3.14,3.14,3.11,3.11,9104000,2.97
2012-04-03,3.14,3.15,3.11,3.14,16774000,3.00
2012-04-02,3.14,3.14,3.12,3.12,9945000,2.98
2012-03-30,3.14,3.15,3.12,3.15,29813000,3.01
2012-03-29,3.11,3.14,3.10,3.12,19383000,2.98
2012-03-28,3.13,3.13,3.11,3.12,6798000,2.98
2012-03-27,3.11,3.14,3.10,3.14,20299000,3.00
2012-03-26,3.10,3.12,3.09,3.10,12869000,2.96
2012-03-23,3.09,3.11,3.08,3.10,8750000,2.96
2012-03-22,3.13,3.14,3.10,3.10,14174000,2.96
2012-03-21,3.12,3.13,3.10,3.12,11809000,2.98
2012-03-20,3.09,3.12,3.08,3.11,12505000,2.97
2012-03-19,3.13,3.14,3.09,3.09,17287000,2.95
2012-03-16,3.14,3.15,3.12,3.12,23645000,2.98
2012-03-15,3.12,3.14,3.10,3.13,21149000,2.99
2012-03-14,3.11,3.13,3.10,3.11,11826000,2.97
2012-03-13,3.09,3.12,3.09,3.09,9906000,2.95
2012-03-12,3.09,3.10,3.08,3.09,10458000,2.95
2012-03-09,3.12,3.12,3.09,3.09,11207000,2.95
2012-03-08,3.09,3.14,3.08,3.12,17254000,2.98
2012-03-07,3.11,3.12,3.08,3.08,20666000,2.94
2012-03-06,3.15,3.15,3.10,3.11,21239000,2.97
2012-03-05,3.15,3.17,3.12,3.13,13661000,2.99
2012-03-02,3.14,3.16,3.13,3.15,16752000,3.01
2012-03-01,3.16,3.18,3.12,3.13,31444000,2.99
2012-02-29,3.15,3.17,3.14,3.17,35486000,3.03
2012-02-28,3.11,3.14,3.10,3.13,20272000,2.99
2012-02-27,3.11,3.12,3.09,3.10,14437000,2.96
2012-02-24,3.10,3.12,3.08,3.12,17839000,2.98
2012-02-23,3.08,3.12,3.08,3.10,27242000,2.96
2012-02-22,3.08,3.11,3.08,3.10,20479000,2.96
2012-02-21,3.08,3.09,3.07,3.07,17799000,2.93
2012-02-20,3.10,3.10,3.06,3.07,25247000,2.93
2012-02-17,3.08,3.09,3.06,3.08,16421000,2.94
2012-02-16,3.09,3.09,3.04,3.06,30869000,2.92
2012-02-15,3.11,3.11,3.06,3.09,32079000,2.95
2012-02-14,3.12,3.13,3.07,3.10,29741000,2.96
2012-02-13,3.08,3.13,3.07,3.13,24506000,2.99
2012-02-10,3.05,3.10,3.04,3.07,44771000,2.93
2012-02-09,3.09,3.10,3.06,3.06,43116000,2.92
2012-02-08,3.15,3.15,3.10,3.11,43738000,2.97
2012-02-07,3.11,3.16,3.11,3.14,15135000,3.00
2012-02-06,3.17,3.17,3.12,3.12,25342000,2.98
2012-02-03,3.14,3.17,3.14,3.16,39897000,3.02
2012-02-02,3.12,3.15,3.11,3.13,39066000,2.99
2012-02-01,3.10,3.12,3.09,3.11,14301000,2.97
2012-01-31,3.07,3.10,3.07,3.10,41645000,2.96
2012-01-30,3.07,3.09,3.05,3.07,25355000,2.93
2012-01-27,3.08,3.09,3.03,3.08,35114000,2.94
2012-01-26,3.05,3.08,3.04,3.07,29605000,2.93
2012-01-25,3.05,3.05,3.02,3.03,34130000,2.89
2012-01-24,3.05,3.05,3.05,3.05,000,2.91
2012-01-23,3.05,3.05,3.05,3.05,000,2.91
2012-01-20,3.05,3.06,3.02,3.05,45577000,2.91
2012-01-19,3.11,3.11,3.06,3.06,36297000,2.92
2012-01-18,3.11,3.11,3.07,3.09,28688000,2.95
2012-01-17,3.12,3.14,3.09,3.11,28171000,2.97
2012-01-16,3.14,3.14,3.11,3.12,18012000,2.98
2012-01-13,3.13,3.16,3.12,3.15,22294000,3.01
2012-01-12,3.11,3.13,3.10,3.11,11731000,2.97
2012-01-11,3.10,3.12,3.09,3.11,18858000,2.97
2012-01-10,3.12,3.12,3.09,3.11,14069000,2.97
2012-01-09,3.12,3.13,3.10,3.11,22498000,2.97
2012-01-06,3.14,3.15,3.11,3.14,27836000,3.00
2012-01-05,3.14,3.15,3.12,3.14,19591000,3.00
2012-01-04,3.15,3.16,3.10,3.15,25039000,3.01
2012-01-03,3.11,3.15,3.10,3.14,9556000,3.00
2012-01-02,3.10,3.10,3.10,3.10,000,2.96
2011-12-30,3.12,3.13,3.08,3.09,7687000,2.95
2011-12-29,3.10,3.13,3.08,3.13,7104000,2.99
2011-12-28,3.13,3.14,3.10,3.10,5416000,2.96
2011-12-27,3.13,3.13,3.10,3.12,2923000,2.98
2011-12-26,3.13,3.13,3.13,3.13,000,2.99
2011-12-23,3.14,3.14,3.11,3.13,6165000,2.99
2011-12-22,3.11,3.13,3.10,3.11,10209000,2.97
2011-12-21,3.08,3.11,3.07,3.10,15941000,2.96
2011-12-20,3.08,3.09,3.03,3.05,19849000,2.91
2011-12-19,3.16,3.18,3.13,3.13,26881000,2.92
2011-12-16,3.11,3.20,3.10,3.18,24151000,2.97
2011-12-15,3.13,3.14,3.10,3.11,29455000,2.91
2011-12-14,3.17,3.17,3.14,3.15,22709000,2.94
2011-12-13,3.19,3.21,3.16,3.18,25457000,2.97
2011-12-12,3.16,3.25,3.15,3.21,46334000,3.00
2011-12-09,3.14,3.17,3.12,3.13,16563000,2.92
2011-12-08,3.18,3.19,3.14,3.14,23200000,2.93
2011-12-07,3.15,3.19,3.13,3.19,24644000,2.98
2011-12-06,3.11,3.12,3.08,3.12,17694000,2.92
2011-12-05,3.12,3.14,3.10,3.11,16939000,2.91
2011-12-02,3.12,3.12,3.10,3.12,10733000,2.92
2011-12-01,3.10,3.12,3.09,3.11,25057000,2.91
2011-11-30,3.08,3.08,3.03,3.07,31669000,2.87
2011-11-29,3.11,3.12,3.05,3.06,18253000,2.86
2011-11-28,3.05,3.12,3.04,3.12,20320000,2.92
2011-11-25,3.06,3.06,3.01,3.02,21551000,2.82
2011-11-24,3.08,3.09,3.07,3.07,20237000,2.87
2011-11-23,3.12,3.13,3.10,3.11,17933000,2.91
2011-11-22,3.13,3.17,3.12,3.14,22481000,2.93
2011-11-21,3.11,3.18,3.10,3.14,33296000,2.93
2011-11-18,3.13,3.15,3.12,3.12,12126000,2.92
2011-11-17,3.15,3.18,3.13,3.16,17606000,2.95
2011-11-16,3.23,3.23,3.15,3.16,19831000,2.95
2011-11-15,3.22,3.23,3.20,3.21,14619000,3.00
2011-11-14,3.20,3.23,3.19,3.23,19733000,3.02
2011-11-11,3.17,3.18,3.15,3.18,9895000,2.97
2011-11-10,3.14,3.19,3.12,3.18,20589000,2.97
2011-11-09,3.14,3.18,3.13,3.16,31978000,2.95
2011-11-08,3.14,3.16,3.11,3.14,37479000,2.93
2011-11-04,3.20,3.22,3.15,3.15,30961000,2.94
2011-11-03,3.17,3.20,3.15,3.19,16191000,2.98
2011-11-02,3.17,3.21,3.14,3.20,19362000,2.99
2011-11-01,3.18,3.20,3.15,3.18,16480000,2.97
2011-10-31,3.25,3.26,3.19,3.19,19774000,2.98
2011-10-28,3.26,3.27,3.21,3.26,27612000,3.05
2011-10-27,3.21,3.28,3.18,3.25,33642000,3.04
2011-10-25,3.20,3.24,3.17,3.19,14112000,2.98
2011-10-24,3.21,3.23,3.20,3.21,17482000,3.00
2011-10-21,3.17,3.22,3.16,3.19,20686000,2.98
2011-10-20,3.15,3.16,3.13,3.16,20618000,2.95
2011-10-19,3.17,3.18,3.14,3.15,11352000,2.94
2011-10-18,3.16,3.18,3.14,3.16,9308000,2.95
2011-10-17,3.18,3.18,3.15,3.17,11639000,2.96
2011-10-14,3.15,3.19,3.15,3.17,21484000,2.96
2011-10-13,3.21,3.21,3.15,3.15,24460000,2.94
2011-10-12,3.16,3.21,3.15,3.21,21015000,3.00
2011-10-11,3.15,3.17,3.13,3.17,25451000,2.96
2011-10-10,3.18,3.18,3.11,3.12,22841000,2.92
2011-10-07,3.16,3.17,3.12,3.14,22614000,2.93
2011-10-06,3.16,3.20,3.14,3.19,21249000,2.98
2011-10-05,3.16,3.16,3.09,3.13,48205000,2.92
2011-10-04,3.17,3.24,3.15,3.17,38076000,2.96
2011-10-03,3.16,3.19,3.13,3.18,27911000,2.97
2011-09-30,3.17,3.18,3.13,3.18,36876000,2.97
2011-09-29,3.12,3.17,3.11,3.17,19647000,2.96
2011-09-28,3.14,3.15,3.11,3.13,33816000,2.92
2011-09-27,3.11,3.16,3.10,3.14,41080000,2.93
2011-09-26,3.07,3.10,3.05,3.09,30394000,2.89
2011-09-23,3.00,3.08,3.00,3.06,36848000,2.86
2011-09-22,3.03,3.05,3.00,3.02,21591000,2.82
2011-09-21,3.06,3.07,3.04,3.07,17372000,2.87
2011-09-20,3.08,3.08,3.05,3.06,12672000,2.86
2011-09-19,3.06,3.10,3.05,3.10,20915000,2.90
2011-09-16,3.11,3.13,3.06,3.06,34404000,2.86
2011-09-15,3.10,3.10,3.05,3.10,37318000,2.90
2011-09-14,3.06,3.10,3.01,3.06,40372000,2.86
2011-09-13,3.04,3.11,3.03,3.04,20723000,2.84
2011-09-12,3.06,3.06,3.02,3.04,20502000,2.84
2011-09-09,3.15,3.17,3.11,3.11,19907000,2.91
2011-09-08,3.16,3.17,3.12,3.17,27108000,2.96
2011-09-07,3.12,3.16,3.10,3.15,26284000,2.94
2011-09-06,3.08,3.13,3.04,3.09,19247000,2.89
2011-09-05,3.12,3.13,3.05,3.08,22105000,2.88
2011-09-02,3.14,3.16,3.11,3.13,22827000,2.92
2011-09-01,3.12,3.15,3.11,3.13,26240000,2.92
2011-08-31,3.12,3.13,3.09,3.11,39180000,2.91
2011-08-29,3.11,3.15,3.10,3.13,20952000,2.92
2011-08-26,3.04,3.13,3.01,3.10,42657000,2.90
2011-08-25,3.02,3.05,2.99,3.04,31096000,2.84
2011-08-24,3.01,3.02,2.95,2.99,25416000,2.79
2011-08-23,2.90,3.00,2.90,3.00,33141000,2.80
2011-08-22,2.85,2.90,2.84,2.90,38047000,2.71
2011-08-19,2.86,2.90,2.84,2.87,28429000,2.68
2011-08-18,2.97,2.98,2.89,2.89,22355000,2.70
2011-08-17,3.02,3.03,2.94,2.98,27521000,2.78
2011-08-16,3.04,3.04,2.99,3.01,17194000,2.81
2011-08-15,3.03,3.04,2.98,3.02,27722000,2.82
2011-08-12,2.92,2.98,2.86,2.98,51869000,2.78
2011-08-11,2.95,2.96,2.86,2.92,42525000,2.73
2011-08-10,2.98,3.01,2.95,2.95,70373000,2.76
2011-08-08,3.05,3.06,2.92,2.96,52902000,2.77
2011-08-05,3.10,3.13,3.05,3.06,70125000,2.86
2011-08-04,3.33,3.36,3.31,3.33,33063000,3.03
2011-08-03,3.37,3.39,3.31,3.31,45224000,3.01
2011-08-02,3.40,3.41,3.38,3.39,29886000,3.08
2011-08-01,3.37,3.40,3.36,3.39,32244000,3.08
2011-07-29,3.33,3.37,3.32,3.36,35962000,3.05
2011-07-28,3.31,3.33,3.30,3.32,9562000,3.02
2011-07-27,3.31,3.33,3.31,3.33,7760000,3.03
2011-07-26,3.30,3.33,3.29,3.33,21474000,3.03
2011-07-25,3.29,3.30,3.27,3.29,19401000,2.99
2011-07-22,3.32,3.33,3.31,3.32,21248000,3.02
2011-07-21,3.26,3.32,3.24,3.31,35833000,3.01
2011-07-20,3.24,3.27,3.22,3.27,31395000,2.97
2011-07-19,3.22,3.23,3.21,3.22,12009000,2.93
2011-07-18,3.21,3.22,3.19,3.22,11054000,2.93
2011-07-15,3.21,3.22,3.20,3.21,7419000,2.92
2011-07-14,3.21,3.23,3.20,3.20,24806000,2.91
2011-07-13,3.19,3.21,3.19,3.20,25012000,2.91
2011-07-12,3.16,3.17,3.14,3.16,21158000,2.87
2011-07-11,3.17,3.19,3.16,3.18,11122000,2.89
2011-07-08,3.17,3.19,3.16,3.19,10961000,2.90
2011-07-07,3.18,3.18,3.15,3.15,17453000,2.86
2011-07-06,3.19,3.20,3.14,3.17,27871000,2.88
2011-07-05,3.21,3.21,3.15,3.19,14521000,2.90
2011-07-04,3.19,3.20,3.18,3.20,15168000,2.91
2011-07-01,3.16,3.18,3.15,3.17,18326000,2.88
2011-06-30,3.11,3.16,3.10,3.16,51819000,2.87
2011-06-29,3.10,3.11,3.07,3.09,25863000,2.81
2011-06-28,3.09,3.09,3.06,3.08,26524000,2.80
2011-06-27,3.10,3.10,3.04,3.06,46237000,2.78
2011-06-24,3.11,3.13,3.10,3.12,25070000,2.84
2011-06-23,3.08,3.12,3.06,3.11,21368000,2.83
2011-06-22,3.08,3.09,3.06,3.09,35091000,2.81
2011-06-21,3.04,3.08,3.03,3.07,29923000,2.79
2011-06-20,3.03,3.04,3.01,3.02,19184000,2.75
2011-06-17,3.04,3.04,3.00,3.01,32693000,2.74
2011-06-16,3.06,3.06,3.03,3.04,27797000,2.76
2011-06-15,3.09,3.10,3.07,3.08,20195000,2.80
2011-06-14,3.10,3.10,3.08,3.09,19795000,2.81
2011-06-13,3.11,3.14,3.10,3.10,11397000,2.82
2011-06-10,3.12,3.14,3.11,3.12,19637000,2.84
2011-06-09,3.13,3.14,3.10,3.12,24203000,2.84
2011-06-08,3.13,3.14,3.10,3.12,23087000,2.84
2011-06-07,3.13,3.16,3.12,3.13,21869000,2.85
2011-06-06,3.16,3.17,3.12,3.14,14360000,2.85
2011-06-03,3.22,3.22,3.16,3.17,9729000,2.88
2011-06-02,3.22,3.23,3.20,3.22,8612000,2.93
2011-06-01,3.21,3.26,3.21,3.25,24357000,2.95
2011-05-31,3.16,3.21,3.16,3.18,16309000,2.89
2011-05-30,3.17,3.17,3.15,3.16,6904000,2.87
2011-05-27,3.14,3.19,3.14,3.18,15524000,2.89
2011-05-26,3.13,3.14,3.11,3.13,7190000,2.85
2011-05-25,3.13,3.14,3.09,3.13,14132000,2.85
2011-05-24,3.11,3.15,3.11,3.13,9796000,2.85
2011-05-23,3.20,3.21,3.11,3.11,21957000,2.83
2011-05-20,3.20,3.24,3.20,3.22,15915000,2.93
2011-05-19,3.14,3.19,3.14,3.18,15978000,2.89
2011-05-18,3.18,3.18,3.12,3.12,17853000,2.84
2011-05-16,3.16,3.19,3.16,3.16,10253000,2.87
2011-05-13,3.17,3.18,3.16,3.18,23868000,2.89
2011-05-12,3.14,3.18,3.13,3.16,31104000,2.87
2011-05-11,3.14,3.15,3.12,3.14,15272000,2.85
2011-05-10,3.10,3.14,3.09,3.13,10099000,2.85
2011-05-09,3.10,3.12,3.08,3.09,9608000,2.81
2011-05-06,3.09,3.09,3.04,3.09,11116000,2.81
2011-05-05,3.10,3.12,3.07,3.10,22964000,2.82
2011-05-04,3.13,3.13,3.09,3.09,21764000,2.81
2011-05-03,3.12,3.13,3.10,3.13,15226000,2.85
2011-04-29,3.13,3.13,3.11,3.12,32183000,2.84
2011-04-28,3.15,3.15,3.11,3.12,14185000,2.84
2011-04-27,3.15,3.16,3.10,3.13,16148000,2.85
2011-04-26,3.14,3.15,3.12,3.13,11732000,2.85
2011-04-25,3.12,3.16,3.12,3.14,17232000,2.85
2011-04-21,3.09,3.13,3.08,3.11,27690000,2.83
2011-04-20,3.05,3.11,3.05,3.09,23102000,2.81
2011-04-19,3.04,3.04,3.00,3.03,8830000,2.75
2011-04-18,3.06,3.06,3.01,3.05,10592000,2.77
2011-04-15,3.05,3.06,3.02,3.05,16697000,2.77
2011-04-14,3.07,3.07,3.02,3.05,15671000,2.77
2011-04-13,3.03,3.07,3.03,3.06,20434000,2.78
2011-04-12,3.04,3.04,2.99,3.01,17469000,2.74
2011-04-11,3.07,3.07,3.04,3.05,6323000,2.77
2011-04-08,3.06,3.07,3.03,3.05,10776000,2.77
2011-04-07,3.07,3.08,3.03,3.06,23053000,2.78
2011-04-06,3.05,3.07,3.03,3.07,16310000,2.79
2011-04-05,3.05,3.05,3.02,3.03,10116000,2.75
2011-04-04,3.04,3.06,3.02,3.05,14797000,2.77
2011-04-01,3.01,3.04,3.00,3.04,13279000,2.76
2011-03-31,3.00,3.04,2.99,3.03,41641000,2.75
2011-03-30,2.96,3.00,2.94,2.99,30474000,2.72
2011-03-29,2.95,2.95,2.92,2.94,10399000,2.67
2011-03-28,2.93,2.95,2.91,2.94,11473000,2.67
2011-03-25,2.93,2.94,2.89,2.91,21442000,2.65
2011-03-24,2.93,2.94,2.90,2.92,11692000,2.65
2011-03-23,2.95,2.95,2.92,2.94,14863000,2.67
2011-03-22,2.95,2.97,2.92,2.96,26923000,2.69
2011-03-21,2.87,2.94,2.87,2.92,28664000,2.65
2011-03-18,2.87,2.89,2.84,2.85,35027000,2.59
2011-03-17,2.87,2.88,2.85,2.85,41667000,2.59
2011-03-16,2.93,2.95,2.88,2.91,26689000,2.65
2011-03-15,2.93,2.93,2.87,2.90,31302000,2.64
2011-03-14,2.94,2.98,2.93,2.95,9464000,2.68
2011-03-11,2.97,2.99,2.93,2.96,18543000,2.69
2011-03-10,3.05,3.05,2.97,3.00,16078000,2.73
2011-03-09,3.01,3.07,3.00,3.04,27270000,2.76
2011-03-08,2.94,3.02,2.94,3.00,24613000,2.73
2011-03-07,2.92,2.97,2.91,2.93,26475000,2.66
2011-03-04,2.91,2.95,2.90,2.91,17616000,2.65
2011-03-03,2.91,2.92,2.89,2.90,24881000,2.64
2011-03-02,2.97,2.97,2.91,2.91,15968000,2.65
2011-03-01,2.99,3.00,2.97,3.00,10238000,2.73
2011-02-28,2.95,2.97,2.93,2.97,26587000,2.70
2011-02-25,2.88,2.99,2.87,2.98,27472000,2.71
2011-02-24,2.88,2.91,2.85,2.86,23197000,2.60
2011-02-23,2.89,2.92,2.88,2.89,23652000,2.63
2011-02-22,2.92,2.92,2.89,2.89,17097000,2.63
2011-02-21,2.94,2.96,2.92,2.94,16809000,2.67
2011-02-18,2.97,2.98,2.94,2.95,33986000,2.68
2011-02-17,3.02,3.02,2.96,2.96,35175000,2.69
2011-02-16,3.03,3.04,3.01,3.03,15465000,2.75
2011-02-15,3.05,3.05,3.01,3.04,14869000,2.76
2011-02-14,3.06,3.08,3.04,3.04,19858000,2.76
2011-02-11,3.04,3.08,3.03,3.04,24671000,2.76
2011-02-10,3.07,3.08,3.03,3.05,17980000,2.77
2011-02-09,3.11,3.12,3.05,3.09,27111000,2.81
2011-02-08,3.12,3.12,3.09,3.12,10652000,2.84
2011-02-07,3.11,3.13,3.08,3.11,16790000,2.83
2011-02-02,3.07,3.10,3.06,3.10,7541000,2.82
2011-02-01,3.10,3.10,3.06,3.06,20981000,2.78
2011-01-31,3.14,3.15,3.10,3.10,26956000,2.82
2011-01-28,3.10,3.16,3.10,3.16,24960000,2.87
2011-01-27,3.13,3.14,3.10,3.13,15286000,2.85
2011-01-26,3.07,3.14,3.06,3.14,27137000,2.85
2011-01-25,3.05,3.08,3.04,3.07,17526000,2.79
2011-01-24,3.04,3.05,3.03,3.03,4818000,2.75
2011-01-21,3.05,3.05,3.03,3.04,13769000,2.76
2011-01-20,3.06,3.07,3.04,3.04,11622000,2.76
2011-01-19,3.08,3.09,3.06,3.06,10351000,2.78
2011-01-18,3.08,3.10,3.07,3.09,6724000,2.81
2011-01-17,3.10,3.10,3.07,3.09,6751000,2.81
2011-01-14,3.09,3.10,3.08,3.10,11546000,2.82
2011-01-13,3.09,3.09,3.07,3.09,10020000,2.81
2011-01-12,3.07,3.11,3.06,3.09,18675000,2.81
2011-01-11,3.05,3.08,3.04,3.07,10222000,2.79
2011-01-10,3.06,3.07,3.05,3.05,11499000,2.77
2011-01-07,3.07,3.08,3.05,3.06,11335000,2.78
2011-01-06,3.07,3.09,3.05,3.08,10472000,2.80
2011-01-05,3.06,3.07,3.05,3.07,8972000,2.79
2011-01-04,3.08,3.09,3.07,3.07,10104000,2.79
2011-01-03,3.07,3.08,3.06,3.07,4530000,2.79
